GRAPHE NON ORIENTE
36 SOMMETS
0
1
2
3
4
5
6
7
8
9
10
11
12
13
14
15
16
17
18
19
20
21
22
23
24
25
26
27
28
29
30
31
32
33
34
35
196 ARETES
1 10
1 11
2 16
2 21
2 14
3 9
3 23
4 16
5 1
5 2
5 8
6 19
6 13
6 3
6 10
7 24
7 2
7 4
7 23
8 15
8 13
8 11
8 4
8 2
8 10
9 23
9 15
10 24
10 25
10 27
10 30
10 29
11 30
11 12
11 25
12 19
13 24
13 20
13 29
13 17
14 1
14 12
14 33
14 18
14 7
14 28
15 19
16 26
16 35
16 11
17 20
18 29
19 23
19 11
19 14
19 0
20 35
20 10
21 16
21 26
21 5
21 14
21 6
22 5
22 21
23 33
23 25
23 11
23 8
23 17
24 14
24 6
25 35
25 18
25 15
25 22
26 7
26 23
27 22
27 19
27 12
27 26
27 30
28 18
28 35
29 30
29 19
30 16
30 33
30 22
30 23
31 13
32 29
32 14
32 35
33 15
34 32
35 21
10 1
11 1
16 2
21 2
14 2
9 3
23 3
16 4
1 5
2 5
8 5
19 6
13 6
3 6
10 6
24 7
2 7
4 7
23 7
15 8
13 8
11 8
4 8
2 8
10 8
23 9
15 9
24 10
25 10
27 10
30 10
29 10
30 11
12 11
25 11
19 12
24 13
20 13
29 13
17 13
1 14
12 14
33 14
18 14
7 14
28 14
19 15
26 16
35 16
11 16
20 17
29 18
23 19
11 19
14 19
0 19
35 20
10 20
16 21
26 21
5 21
14 21
6 21
5 22
21 22
33 23
25 23
11 23
8 23
17 23
14 24
6 24
35 25
18 25
15 25
22 25
7 26
23 26
22 27
19 27
12 27
26 27
30 27
18 28
35 28
30 29
19 29
16 30
33 30
22 30
23 30
13 31
29 32
14 32
35 32
15 33
32 34
21 35
