GRAPHE ORIENTE
48 SOMMETS
0
1
2
3
4
5
6
7
8
9
10
11
12
13
14
15
16
17
18
19
20
21
22
23
24
25
26
27
28
29
30
31
32
33
34
35
36
37
38
39
40
41
42
43
44
45
46
47
111 ARCS
0 10
0 15
1 11
2 4
3 2
4 11
5 12
6 10
6 12
6 2
7 15
7 9
8 3
9 2
10 19
10 12
11 12
11 23
11 24
12 25
13 21
13 20
13 15
14 26
14 16
14 28
15 12
15 29
15 13
16 14
17 11
17 16
17 8
17 29
18 10
18 31
18 17
19 6
19 35
20 29
20 28
21 31
21 23
22 36
22 35
22 21
23 38
23 8
23 36
23 22
24 22
24 29
24 13
25 33
25 11
26 39
26 17
26 33
26 27
27 32
27 24
28 32
28 39
29 34
29 31
29 41
29 44
30 33
30 19
30 15
30 25
31 20
31 44
31 19
32 29
32 20
32 30
32 33
33 30
33 45
33 42
34 41
34 25
34 39
34 43
35 28
35 39
36 43
37 30
37 25
38 35
38 47
39 33
39 36
39 47
40 37
40 30
40 42
40 24
42 40
42 47
42 39
44 43
44 46
45 34
45 40
45 41
46 30
46 32
46 40
47 45
