GRAPHE NON ORIENTE
19 SOMMETS
0
1
2
3
4
5
6
7
8
9
10
11
12
13
14
15
16
17
18
104 ARETES
0 8
0 18
1 15
1 11
2 8
2 11
2 16
2 17
3 0
3 2
4 10
4 6
4 13
5 13
5 10
6 0
6 3
6 2
6 18
7 17
7 14
7 10
7 2
8 18
8 7
8 11
8 4
9 0
9 17
9 13
9 18
10 2
11 5
12 5
12 8
12 9
12 18
13 6
13 0
14 5
14 0
14 13
15 18
15 0
16 5
16 17
16 0
17 14
17 1
18 4
18 14
18 1
8 0
18 0
15 1
11 1
8 2
11 2
16 2
17 2
0 3
2 3
10 4
6 4
13 4
13 5
10 5
0 6
3 6
2 6
18 6
17 7
14 7
10 7
2 7
18 8
7 8
11 8
4 8
0 9
17 9
13 9
18 9
2 10
5 11
5 12
8 12
9 12
18 12
6 13
0 13
5 14
0 14
13 14
18 15
0 15
5 16
17 16
0 16
14 17
1 17
4 18
14 18
1 18
