GRAPHE NON ORIENTE
31 SOMMETS
0
1
2
3
4
5
6
7
8
9
10
11
12
13
14
15
16
17
18
19
20
21
22
23
24
25
26
27
28
29
30
172 ARETES
0 7
0 13
0 14
1 3
1 9
1 10
2 11
2 15
2 13
3 6
3 12
4 11
4 14
4 2
5 0
5 2
5 4
7 22
7 19
8 10
8 1
8 0
8 12
9 11
9 23
9 19
9 18
10 24
10 20
10 22
11 25
11 21
12 0
12 20
12 24
12 6
13 24
13 6
13 16
14 27
14 22
14 15
14 12
15 7
15 12
15 13
16 18
16 26
16 14
17 2
17 9
17 27
17 18
17 15
18 8
18 20
18 3
18 6
18 30
19 13
19 10
19 15
20 29
20 30
21 16
21 14
21 28
21 19
22 21
23 10
23 12
24 21
24 26
25 28
25 20
25 26
26 11
26 15
26 12
26 28
27 18
27 20
27 28
29 22
29 21
30 16
7 0
13 0
14 0
3 1
9 1
10 1
11 2
15 2
13 2
6 3
12 3
11 4
14 4
2 4
0 5
2 5
4 5
22 7
19 7
10 8
1 8
0 8
12 8
11 9
23 9
19 9
18 9
24 10
20 10
22 10
25 11
21 11
0 12
20 12
24 12
6 12
24 13
6 13
16 13
27 14
22 14
15 14
12 14
7 15
12 15
13 15
18 16
26 16
14 16
2 17
9 17
27 17
18 17
15 17
8 18
20 18
3 18
6 18
30 18
13 19
10 19
15 19
29 20
30 20
16 21
14 21
28 21
19 21
21 22
10 23
12 23
21 24
26 24
28 25
20 25
26 25
11 26
15 26
12 26
28 26
18 27
20 27
28 27
22 29
21 29
16 30
