GRAPHE NON ORIENTE
39 SOMMETS
0
1
2
3
4
5
6
7
8
9
10
11
12
13
14
15
16
17
18
19
20
21
22
23
24
25
26
27
28
29
30
31
32
33
34
35
36
37
38
166 ARETES
1 4
2 11
2 8
3 7
3 4
3 9
4 12
4 6
5 3
5 10
5 7
6 11
6 12
7 16
7 10
8 14
9 19
9 1
9 18
9 13
10 13
10 18
11 0
11 14
11 7
12 18
12 20
12 22
12 9
13 6
13 3
13 17
14 18
14 21
14 20
15 19
15 4
16 25
17 26
17 8
17 14
17 19
18 16
18 25
19 24
19 25
19 22
19 29
21 13
21 27
21 32
22 25
22 28
22 11
23 25
23 16
23 22
24 29
24 18
25 32
26 25
26 27
26 18
27 24
27 20
27 19
28 26
28 19
28 36
28 29
29 20
30 35
30 29
32 29
32 34
32 35
33 31
34 35
36 38
36 37
36 30
37 38
37 32
4 1
11 2
8 2
7 3
4 3
9 3
12 4
6 4
3 5
10 5
7 5
11 6
12 6
16 7
10 7
14 8
19 9
1 9
18 9
13 9
13 10
18 10
0 11
14 11
7 11
18 12
20 12
22 12
9 12
6 13
3 13
17 13
18 14
21 14
20 14
19 15
4 15
25 16
26 17
8 17
14 17
19 17
16 18
25 18
24 19
25 19
22 19
29 19
13 21
27 21
32 21
25 22
28 22
11 22
25 23
16 23
22 23
29 24
18 24
32 25
25 26
27 26
18 26
24 27
20 27
19 27
26 28
19 28
36 28
29 28
20 29
35 30
29 30
29 32
34 32
35 32
31 33
35 34
38 36
37 36
30 36
38 37
32 37
