GRAPHE ORIENTE
22 SOMMETS
0
1
2
3
4
5
6
7
8
9
10
11
12
13
14
15
16
17
18
19
20
21
93 ARCS
0 11
0 12
0 13
0 4
0 8
1 16
1 19
1 9
1 17
1 14
2 20
2 0
2 15
2 6
2 3
3 15
3 10
3 2
3 12
4 14
4 7
4 21
5 16
5 20
5 17
5 11
5 2
6 4
6 20
6 1
6 10
6 21
6 15
7 2
7 19
7 9
7 1
7 21
8 15
8 21
8 18
9 5
9 20
9 17
10 17
10 16
10 5
11 5
11 10
11 3
11 21
11 12
12 20
12 9
12 16
13 5
13 10
13 4
14 6
14 4
14 21
15 21
15 19
15 9
15 12
16 0
16 8
16 9
16 6
16 1
17 20
17 5
17 10
17 11
17 15
17 21
18 19
18 0
18 4
19 17
19 2
19 11
19 21
20 16
20 6
20 3
20 10
20 13
20 19
21 16
21 3
21 11
21 19
