GRAPHE NON ORIENTE
30 SOMMETS
0
1
2
3
4
5
6
7
8
9
10
11
12
13
14
15
16
17
18
19
20
21
22
23
24
25
26
27
28
29
140 ARETES
0 6
0 12
1 5
2 10
3 8
4 15
5 8
6 7
6 14
7 8
7 20
7 0
7 3
7 18
8 6
9 1
9 18
9 21
10 22
10 8
10 16
11 1
11 15
11 0
11 20
12 26
12 16
12 18
12 20
12 5
13 4
13 14
13 20
13 17
14 24
14 19
14 23
14 26
14 2
15 20
15 24
15 14
15 19
16 2
16 17
16 9
16 14
17 25
17 23
18 28
19 6
20 26
20 23
20 8
21 11
21 12
21 23
22 14
22 11
23 9
23 29
24 22
24 19
24 10
26 15
26 29
27 29
27 20
28 19
28 25
6 0
12 0
5 1
10 2
8 3
15 4
8 5
7 6
14 6
8 7
20 7
0 7
3 7
18 7
6 8
1 9
18 9
21 9
22 10
8 10
16 10
1 11
15 11
0 11
20 11
26 12
16 12
18 12
20 12
5 12
4 13
14 13
20 13
17 13
24 14
19 14
23 14
26 14
2 14
20 15
24 15
14 15
19 15
2 16
17 16
9 16
14 16
25 17
23 17
28 18
6 19
26 20
23 20
8 20
11 21
12 21
23 21
14 22
11 22
9 23
29 23
22 24
19 24
10 24
15 26
29 26
29 27
20 27
19 28
25 28
