GRAPHE ORIENTE
44 SOMMETS
0
1
2
3
4
5
6
7
8
9
10
11
12
13
14
15
16
17
18
19
20
21
22
23
24
25
26
27
28
29
30
31
32
33
34
35
36
37
38
39
40
41
42
43
63 ARCS
0 8
1 10
2 10
5 10
5 15
6 4
8 2
10 9
10 17
11 2
11 6
12 22
14 6
14 21
14 22
15 6
15 11
15 26
15 9
16 14
16 23
16 25
16 5
17 23
19 28
19 27
20 14
21 14
22 33
23 20
23 33
24 33
24 17
25 22
25 16
26 20
27 36
27 33
27 23
28 30
28 17
28 34
29 36
30 37
31 27
31 42
32 29
32 30
34 25
34 30
35 36
35 43
35 29
36 39
38 40
38 37
38 34
39 40
40 34
41 35
42 40
42 37
43 39
