GRAPHE NON ORIENTE
35 SOMMETS
0
1
2
3
4
5
6
7
8
9
10
11
12
13
14
15
16
17
18
19
20
21
22
23
24
25
26
27
28
29
30
31
32
33
34
172 ARETES
0 2
0 12
1 7
2 4
2 19
3 20
4 22
4 18
4 24
4 1
5 11
5 9
5 17
6 20
7 21
7 17
7 10
7 11
8 17
9 28
9 10
9 14
9 17
10 2
10 25
11 12
11 1
12 23
12 21
13 12
14 20
14 8
15 3
15 12
15 5
16 24
16 9
16 10
17 16
17 6
17 30
17 2
17 19
18 23
18 2
18 16
18 14
18 0
19 33
20 12
20 24
21 4
21 28
21 25
21 16
22 20
22 13
22 16
23 3
23 11
23 24
23 17
23 6
24 25
24 34
24 19
25 31
25 6
25 12
26 20
26 10
26 29
27 32
27 20
29 27
30 13
30 28
31 20
31 16
32 18
32 26
32 15
32 16
33 17
33 22
34 19
2 0
12 0
7 1
4 2
19 2
20 3
22 4
18 4
24 4
1 4
11 5
9 5
17 5
20 6
21 7
17 7
10 7
11 7
17 8
28 9
10 9
14 9
17 9
2 10
25 10
12 11
1 11
23 12
21 12
12 13
20 14
8 14
3 15
12 15
5 15
24 16
9 16
10 16
16 17
6 17
30 17
2 17
19 17
23 18
2 18
16 18
14 18
0 18
33 19
12 20
24 20
4 21
28 21
25 21
16 21
20 22
13 22
16 22
3 23
11 23
24 23
17 23
6 23
25 24
34 24
19 24
31 25
6 25
12 25
20 26
10 26
29 26
32 27
20 27
27 29
13 30
28 30
20 31
16 31
18 32
26 32
15 32
16 32
17 33
22 33
19 34
