GRAPHE NON ORIENTE
44 SOMMETS
0
1
2
3
4
5
6
7
8
9
10
11
12
13
14
15
16
17
18
19
20
21
22
23
24
25
26
27
28
29
30
31
32
33
34
35
36
37
38
39
40
41
42
43
134 ARETES
0 7
0 3
1 0
2 6
2 11
7 4
7 9
8 4
9 17
9 16
10 16
10 2
10 5
12 15
12 5
14 19
14 24
15 8
15 19
15 23
16 6
16 11
17 16
17 12
17 13
18 21
18 17
18 8
18 14
19 23
19 13
20 12
20 18
21 19
21 13
21 29
21 23
22 26
23 33
24 21
24 25
24 33
25 30
26 20
28 37
29 36
30 24
30 39
33 36
33 38
33 35
33 31
34 33
34 25
35 36
36 40
37 32
37 43
38 30
39 40
39 34
39 29
41 34
41 42
41 38
43 38
43 40
7 0
3 0
0 1
6 2
11 2
4 7
9 7
4 8
17 9
16 9
16 10
2 10
5 10
15 12
5 12
19 14
24 14
8 15
19 15
23 15
6 16
11 16
16 17
12 17
13 17
21 18
17 18
8 18
14 18
23 19
13 19
12 20
18 20
19 21
13 21
29 21
23 21
26 22
33 23
21 24
25 24
33 24
30 25
20 26
37 28
36 29
24 30
39 30
36 33
38 33
35 33
31 33
33 34
25 34
36 35
40 36
32 37
43 37
30 38
40 39
34 39
29 39
34 41
42 41
38 41
38 43
40 43
