GRAPHE NON ORIENTE
50 SOMMETS
0
1
2
3
4
5
6
7
8
9
10
11
12
13
14
15
16
17
18
19
20
21
22
23
24
25
26
27
28
29
30
31
32
33
34
35
36
37
38
39
40
41
42
43
44
45
46
47
48
49
238 ARETES
0 5
1 10
1 6
2 16
2 4
2 14
3 9
3 7
3 20
3 22
4 21
4 6
5 17
7 21
7 6
7 17
8 26
8 19
8 11
9 13
10 3
10 22
11 3
11 1
12 18
12 16
12 6
13 21
13 20
13 17
13 6
13 26
14 29
14 3
15 22
15 14
16 30
16 35
16 7
16 4
17 35
17 29
18 25
19 22
19 13
19 20
19 34
20 4
20 25
21 25
21 10
21 8
21 33
22 16
22 29
22 25
23 18
23 17
23 14
24 42
25 19
25 16
25 6
25 35
26 19
26 20
26 43
27 45
27 12
27 23
27 9
28 47
28 39
28 14
29 23
29 34
29 47
30 42
30 43
31 48
31 27
31 18
32 49
32 35
32 14
33 49
33 24
33 26
34 44
34 36
34 21
35 37
35 41
35 21
36 28
37 30
37 33
37 27
39 21
39 24
40 36
40 46
40 22
41 39
42 45
42 35
43 47
44 27
44 38
45 40
46 42
47 30
47 31
47 39
48 44
48 32
48 46
49 30
49 45
5 0
10 1
6 1
16 2
4 2
14 2
9 3
7 3
20 3
22 3
21 4
6 4
17 5
21 7
6 7
17 7
26 8
19 8
11 8
13 9
3 10
22 10
3 11
1 11
18 12
16 12
6 12
21 13
20 13
17 13
6 13
26 13
29 14
3 14
22 15
14 15
30 16
35 16
7 16
4 16
35 17
29 17
25 18
22 19
13 19
20 19
34 19
4 20
25 20
25 21
10 21
8 21
33 21
16 22
29 22
25 22
18 23
17 23
14 23
42 24
19 25
16 25
6 25
35 25
19 26
20 26
43 26
45 27
12 27
23 27
9 27
47 28
39 28
14 28
23 29
34 29
47 29
42 30
43 30
48 31
27 31
18 31
49 32
35 32
14 32
49 33
24 33
26 33
44 34
36 34
21 34
37 35
41 35
21 35
28 36
30 37
33 37
27 37
21 39
24 39
36 40
46 40
22 40
39 41
45 42
35 42
47 43
27 44
38 44
40 45
42 46
30 47
31 47
39 47
44 48
32 48
46 48
30 49
45 49
