GRAPHE ORIENTE
23 SOMMETS
0
1
2
3
4
5
6
7
8
9
10
11
12
13
14
15
16
17
18
19
20
21
22
87 ARCS
0 8
0 13
0 7
1 4
1 3
2 5
2 11
2 19
3 21
3 11
3 13
3 19
4 9
4 8
4 14
5 20
5 17
5 12
5 1
5 13
6 4
6 10
6 2
6 18
7 5
7 13
7 6
7 4
7 14
8 4
8 0
8 7
8 10
9 18
9 11
9 16
10 15
10 7
10 20
10 3
11 9
11 20
11 2
12 17
12 1
12 15
13 5
13 3
13 20
13 1
13 22
14 6
14 2
14 3
14 19
14 20
15 11
15 1
15 19
15 20
15 17
16 8
16 22
16 6
16 20
17 2
17 20
17 16
17 6
18 22
18 12
18 5
19 2
19 17
19 18
19 16
20 9
20 8
20 2
20 13
21 13
21 3
21 20
21 14
21 4
22 5
22 9
