GRAPHE NON ORIENTE
33 SOMMETS
0
1
2
3
4
5
6
7
8
9
10
11
12
13
14
15
16
17
18
19
20
21
22
23
24
25
26
27
28
29
30
31
32
184 ARETES
0 11
0 3
1 4
1 3
2 12
2 15
3 10
3 18
4 3
4 5
4 8
5 20
5 7
5 9
6 10
6 17
6 12
7 17
7 19
7 1
7 8
8 3
9 3
9 22
10 1
10 13
10 15
10 12
11 3
11 9
11 4
11 7
12 20
12 4
12 22
12 27
13 3
13 1
13 24
14 10
14 8
14 1
14 18
14 29
15 19
15 30
15 24
16 4
16 13
16 12
16 6
17 9
17 2
17 18
18 21
18 32
18 10
18 16
19 30
19 12
19 24
19 18
20 25
20 7
21 31
21 27
21 22
22 15
22 18
23 26
23 11
23 14
23 7
23 17
24 17
24 18
24 28
25 21
25 18
26 29
26 14
27 11
27 20
27 28
27 30
28 29
28 31
29 25
30 31
31 26
32 19
32 30
11 0
3 0
4 1
3 1
12 2
15 2
10 3
18 3
3 4
5 4
8 4
20 5
7 5
9 5
10 6
17 6
12 6
17 7
19 7
1 7
8 7
3 8
3 9
22 9
1 10
13 10
15 10
12 10
3 11
9 11
4 11
7 11
20 12
4 12
22 12
27 12
3 13
1 13
24 13
10 14
8 14
1 14
18 14
29 14
19 15
30 15
24 15
4 16
13 16
12 16
6 16
9 17
2 17
18 17
21 18
32 18
10 18
16 18
30 19
12 19
24 19
18 19
25 20
7 20
31 21
27 21
22 21
15 22
18 22
26 23
11 23
14 23
7 23
17 23
17 24
18 24
28 24
21 25
18 25
29 26
14 26
11 27
20 27
28 27
30 27
29 28
31 28
25 29
31 30
26 31
19 32
30 32
