GRAPHE NON ORIENTE
49 SOMMETS
0
1
2
3
4
5
6
7
8
9
10
11
12
13
14
15
16
17
18
19
20
21
22
23
24
25
26
27
28
29
30
31
32
33
34
35
36
37
38
39
40
41
42
43
44
45
46
47
48
134 ARETES
0 5
0 11
0 1
0 12
1 6
2 1
3 11
4 7
4 6
4 8
5 17
6 7
6 8
7 15
7 1
9 11
10 17
10 21
11 1
12 24
12 8
13 4
14 21
14 17
14 19
15 10
15 12
15 8
16 24
16 23
17 28
17 27
18 15
18 20
19 30
19 13
20 17
21 30
21 32
22 32
23 32
24 23
25 36
26 34
26 25
27 18
27 36
27 31
27 22
29 28
29 22
30 31
31 38
32 37
33 37
35 23
35 26
36 34
36 42
37 39
38 39
42 44
42 34
45 47
46 44
48 40
48 47
5 0
11 0
1 0
12 0
6 1
1 2
11 3
7 4
6 4
8 4
17 5
7 6
8 6
15 7
1 7
11 9
17 10
21 10
1 11
24 12
8 12
4 13
21 14
17 14
19 14
10 15
12 15
8 15
24 16
23 16
28 17
27 17
15 18
20 18
30 19
13 19
17 20
30 21
32 21
32 22
32 23
23 24
36 25
34 26
25 26
18 27
36 27
31 27
22 27
28 29
22 29
31 30
38 31
37 32
37 33
23 35
26 35
34 36
42 36
39 37
39 38
44 42
34 42
47 45
44 46
40 48
47 48
