GRAPHE NON ORIENTE
45 SOMMETS
0
1
2
3
4
5
6
7
8
9
10
11
12
13
14
15
16
17
18
19
20
21
22
23
24
25
26
27
28
29
30
31
32
33
34
35
36
37
38
39
40
41
42
43
44
122 ARETES
0 4
1 5
1 10
1 6
2 8
2 14
5 10
5 14
6 4
7 17
7 18
8 17
8 10
8 0
9 16
10 15
10 20
12 21
12 23
13 14
13 11
14 20
17 14
18 12
18 24
20 18
21 29
22 11
23 31
24 28
25 13
25 17
25 20
26 16
27 31
28 39
28 23
28 19
29 31
29 35
30 42
30 26
31 43
31 22
32 26
33 22
33 41
34 33
35 39
35 34
35 41
37 39
39 36
39 38
40 29
40 44
40 35
42 35
43 35
44 37
44 34
4 0
5 1
10 1
6 1
8 2
14 2
10 5
14 5
4 6
17 7
18 7
17 8
10 8
0 8
16 9
15 10
20 10
21 12
23 12
14 13
11 13
20 14
14 17
12 18
24 18
18 20
29 21
11 22
31 23
28 24
13 25
17 25
20 25
16 26
31 27
39 28
23 28
19 28
31 29
35 29
42 30
26 30
43 31
22 31
26 32
22 33
41 33
33 34
39 35
34 35
41 35
39 37
36 39
38 39
29 40
44 40
35 40
35 42
35 43
37 44
34 44
