GRAPHE ORIENTE
48 SOMMETS
0
1
2
3
4
5
6
7
8
9
10
11
12
13
14
15
16
17
18
19
20
21
22
23
24
25
26
27
28
29
30
31
32
33
34
35
36
37
38
39
40
41
42
43
44
45
46
47
116 ARCS
0 11
0 10
1 3
2 18
3 15
4 11
4 15
4 6
5 20
7 4
8 2
8 12
8 1
9 15
9 21
9 0
10 22
10 14
11 17
11 29
12 29
12 0
12 18
13 9
13 17
13 5
14 9
14 13
14 10
15 19
15 18
15 16
15 17
16 24
16 6
16 30
17 29
17 35
17 23
17 5
18 6
18 0
18 21
19 2
20 16
20 2
20 36
21 7
21 12
21 24
21 32
21 37
22 28
22 36
22 20
23 31
23 35
23 32
23 17
24 13
24 26
24 6
25 21
25 32
25 43
25 26
25 10
26 34
26 12
26 40
26 16
27 25
27 30
27 10
27 11
28 33
29 18
29 44
29 23
30 15
30 22
31 37
31 20
31 21
31 18
32 41
32 38
33 47
33 25
34 40
34 27
35 43
35 36
35 42
36 32
36 44
36 34
36 45
37 38
37 47
37 40
37 41
38 30
38 25
39 38
40 22
40 32
41 29
41 44
41 31
42 37
42 30
44 37
45 35
46 45
47 45
