GRAPHE NON ORIENTE
38 SOMMETS
0
1
2
3
4
5
6
7
8
9
10
11
12
13
14
15
16
17
18
19
20
21
22
23
24
25
26
27
28
29
30
31
32
33
34
35
36
37
134 ARETES
0 6
0 14
0 8
0 13
1 13
1 14
1 2
2 7
3 2
4 18
4 9
5 0
5 15
6 19
7 20
8 17
10 19
10 0
12 25
13 27
13 23
13 4
14 7
14 4
15 6
15 11
15 23
16 30
16 27
17 26
17 4
17 30
18 32
18 19
19 30
19 15
20 33
21 32
21 27
21 23
22 20
22 14
23 12
23 29
23 31
23 18
24 17
24 15
25 35
25 11
25 33
26 36
27 26
28 26
28 37
28 20
29 34
30 23
30 26
30 33
31 29
31 19
34 24
34 35
35 27
37 29
37 27
6 0
14 0
8 0
13 0
13 1
14 1
2 1
7 2
2 3
18 4
9 4
0 5
15 5
19 6
20 7
17 8
19 10
0 10
25 12
27 13
23 13
4 13
7 14
4 14
6 15
11 15
23 15
30 16
27 16
26 17
4 17
30 17
32 18
19 18
30 19
15 19
33 20
32 21
27 21
23 21
20 22
14 22
12 23
29 23
31 23
18 23
17 24
15 24
35 25
11 25
33 25
36 26
26 27
26 28
37 28
20 28
34 29
23 30
26 30
33 30
29 31
19 31
24 34
35 34
27 35
29 37
27 37
