GRAPHE ORIENTE
46 SOMMETS
0
1
2
3
4
5
6
7
8
9
10
11
12
13
14
15
16
17
18
19
20
21
22
23
24
25
26
27
28
29
30
31
32
33
34
35
36
37
38
39
40
41
42
43
44
45
75 ARCS
0 19
0 14
2 10
2 4
2 6
3 4
4 16
4 3
5 11
5 0
5 8
6 8
7 24
9 4
9 11
9 5
10 5
11 22
11 10
13 19
13 3
13 18
13 24
14 7
14 15
15 4
16 10
17 3
18 5
18 8
19 16
19 33
20 37
20 26
20 36
21 8
21 9
22 19
22 35
22 16
23 43
24 9
25 31
25 42
25 11
26 29
26 27
27 35
27 43
28 20
28 39
28 9
28 40
29 35
29 27
30 23
30 33
31 18
32 41
32 36
32 29
33 24
33 43
34 35
34 40
35 38
37 42
37 17
39 34
39 23
41 29
42 29
43 41
44 26
45 38
